49
50
52
53
54
55
56
57
58
59
61
62
63
64
65
66
67
68
70
71
72
73
74
75
76
77
79
80
81
82
83
84
85
86
88
89
90
91
92
93
94
95
97
98
99
100
101
102
103
104
106
107
108
109
110
111
112
113
115
116
117
118
119
120
121
122
124
125
126
127
128
129
130
131
133
134
135
136
137
138
139
140
142
143
144
145
146
147
148
149
151
152
153
154
155
156
157
158
160
161
162
163
164
165
166
167
169
170
171
172
173
174
175
176
178
179
180
181
182
183
184
185
187
188
189
190
191
192
193
194
196
197
198
199
200
201
202
203
205
206
207
208
209
210
211
212
214
215
216
