1
2
3
5
6
7
8
9
10
12
14
15
18
19
20
21
22
23
25
27
28
30
32
33
34
35
36
37
39
41
42
44
61
62
63
64
65
66
67
68
69
70
71
72
73
74
75
76
77
78
79
80
81
82
83
84
85
86
87
88
89
90
91
92
93
94
95
96
97
98
99
100
101
102
103
104
105
106
107
108
109
110
111
112
113
114
115
116
117
118
119
120
121
122
123
124
125
126
127
128
129
130
131
132
133
134
135
136
137
138
141
142
143
144
147
148
149
150
153
155
156
158
159
160
162
163
164
166
167
168
169
170
171
173
174
175
176
177
178
179
180
182
183
184
185
188
189
190
191
192
194
195
196
197
198
199
200
201
202
203
204
205
206
207
208
209
210
211
212
213
214
215
216
217
218
219
220
221
222
223
224
225
226
227
228
229
230
231
232
233
234
235
236
237
238
239
240
241
242
243
244
245
246
247
248
249
250
251
252
253
254
255
256
257
258
259
260
261
262
263
264
265
266
267
268
269
270
271
272
273
274
275
276
277
278
279
280
281
282
283
284
285
286
287
288
289
290
291
292
293
294
295
296
297
301
309
311
313
316
317
318
319
320
321
322
323
324
325
326
327
328
329
330
331
332
333
334
335
336
337
338
339
340
341
342
343
344
345
346
347
348
349
350
351
352
353
354
355
356
357
358
359
360
361
362
363
364
365
366
367
368
369
370
371
372
373
374
375
376
377
378
379
380
381
382
383
384
385
386
387
388
389
390
391
392
393
394
395
396
397
398
399
400
401
402
403
404
405
406
407
408
409
410
411
412
413
414
415
416
417
418
419
420
421
422
423
424
425
426
427
428
429
430
431
432
433
434
435
436
437
438
439
440
441
442
443
444
445
446
447
448
449
450
451
452
453
454
455
456
457
458
459
460
461
462
463
464
465
466
467
468
469
470
471
472
473
474
475
476
477
478
479
480
481
482
483
484
485
486
487
488
489
490
491
492
493
494
495
496
497
498
499
500
501
502
503
504
505
507
512
513
514
515
516
517
518
519
528
529
530
531
532
533
534
543
544
545
546
547
548
549
550
551
552
553
554
555
556
557
558
559
560
561
562
563
564
565
566
567
568
569
570
571
572
573
574
575
576
577
578
579
580
581
582
583
584
585
586
587
588
589
590
591
592
593
594
597
601
602
603
604
605
606
609
613
614
615
616
617
618
621
624
625
626
627
628
629
632
635
636
637
638
639
640
643
646
647
648
649
650
651
654
657
658
659
660
661
662
665
668
669
670
671
672
673
675
678
679
680
681
682
683
686
689
690
691
692
693
694
697
700
701
702
703
704
705
708
710
711
712
713
714
715
717
721
722
723
724
725
726
729
733
734
735
736
737
738
740
744
745
746
747
748
749
752
756
757
758
759
760
761
764
768
769
770
771
772
773
776
780
781
782
783
784
785
786
787
788
789
790
791
792
793
794
795
796
799
800
814
816
823
825
826
830
831
832
834
836
839
840
841
842
845
846
849
850
853
855
856
858
859
861
862
865
866
870
871
872
874
877
878
879
880
882
885
886
887
888
890
891
892
893
895
897
898
900
901
902
903
904
905
907
908
919
920
921
922
923
924
925
926
927
928
929
930
931
932
933
934
935
936
937
938
939
940
941
942
943
944
945
946
947
948
949
950
951
952
953
954
955
956
957
958
959
961
964
965
966
968
969
971
974
975
978
979
981
983
984
987
988
989
990
991
992
993
994
995
996
998
999
1002
1004
1006
1008
1009
1010
1013
1014
1015
1016
1018
1019
1021
1022
1025
1026
1028
1029
1031
1032
1033
1034
1035
1036
1037
1038
1039
1040
1042
1043
1044
1047
1049
1050
1051
1052
1053
