4
11
13
16
24
26
29
31
38
40
43
45
46
47
48
49
50
51
52
53
54
55
56
57
58
59
60
139
140
145
146
151
152
154
157
161
165
172
181
186
187
193
298
299
300
302
303
304
305
306
307
308
310
312
314
315
506
508
509
510
511
520
521
522
523
524
525
526
527
535
536
537
538
539
540
541
542
595
596
598
607
608
610
619
620
622
630
631
633
641
642
644
652
653
655
663
664
666
674
676
684
685
687
695
696
698
706
707
709
716
718
727
728
730
739
741
750
751
753
762
763
765
774
775
777
797
798
801
802
811
812
815
817
820
821
822
824
827
829
833
835
838
843
844
848
851
852
854
857
860
864
868
869
873
876
883
884
889
894
896
899
906
909
910
911
912
913
914
915
916
917
918
960
962
963
967
970
972
973
976
977
980
982
985
986
997
1000
1001
1003
1005
1007
1011
1012
1017
1020
1023
1024
1027
1030
1041
1045
1046
1048
